[gd_scene format=3 uid="uid://dhu7d5mfju5tc"]

[ext_resource type="Material" uid="uid://bldmqy2ivi5ny" path="res://res/materials/tile.tres" id="7_85g3d"]
[ext_resource type="Material" uid="uid://6xhy26gxuau5" path="res://res/materials/wall.tres" id="8_choun"]
[ext_resource type="PackedScene" uid="uid://bgfncvsletmqa" path="res://assets/scenes/env/pipe1.tscn" id="9_eb6dy"]
[ext_resource type="PackedScene" uid="uid://q7n0w5cxc83m" path="res://assets/scenes/env/pipe2.tscn" id="10_trceg"]
[ext_resource type="PackedScene" uid="uid://cojemujugklfa" path="res://assets/scenes/env/debris1.tscn" id="11_a8y0u"]
[ext_resource type="PackedScene" uid="uid://di7qtv22wm6vp" path="res://assets/scenes/env/shelf.tscn" id="11_trceg"]
[ext_resource type="PackedScene" uid="uid://bh50v7bgv73bv" path="res://assets/scenes/env/broken_shelf.tscn" id="12_a8y0u"]
[ext_resource type="PackedScene" uid="uid://cm7gsrflkf3sk" path="res://assets/scenes/env/debris2.tscn" id="12_jkv2x"]
[ext_resource type="PackedScene" uid="uid://d3i347pyrts44" path="res://assets/scenes/env/lab_pc.tscn" id="13_a8y0u"]
[ext_resource type="PackedScene" uid="uid://dox8wuvkqghsu" path="res://assets/scenes/env/incubator.tscn" id="13_jkv2x"]
[ext_resource type="PackedScene" uid="uid://couf2t2cw72nh" path="res://assets/scenes/env/debris3.tscn" id="13_trceg"]
[ext_resource type="PackedScene" uid="uid://b40xgutgor8sj" path="res://assets/scenes/env/lamp.tscn" id="14_a8y0u"]
[ext_resource type="PackedScene" uid="uid://cb4ruhgj5q020" path="res://assets/scenes/env/ventilationtube.tscn" id="14_jbj1t"]
[ext_resource type="PackedScene" uid="uid://cmp5jykytdt03" path="res://assets/scenes/env/pickup.tscn" id="14_jkv2x"]
[ext_resource type="Script" uid="uid://bb66le7po8wvn" path="res://scripts/Managers/projectile_manager.gd" id="15_jkv2x"]
[ext_resource type="PackedScene" uid="uid://bjw82cmkuyfty" path="res://assets/scenes/env/ventilationtube_curved.tscn" id="15_muem4"]
[ext_resource type="PackedScene" uid="uid://cktlavdl7yebe" path="res://assets/scenes/env/lift.tscn" id="16_dp3eg"]
[ext_resource type="Script" uid="uid://cckuyd1ot5s7f" path="res://scripts/Managers/drone_manager.gd" id="16_jbj1t"]
[ext_resource type="PackedScene" uid="uid://bnrtmhlm137j0" path="res://assets/scenes/env/door.tscn" id="17_0ld40"]
[ext_resource type="PackedScene" uid="uid://c1rpljyy3r668" path="res://assets/scenes/env/conveyor.tscn" id="18_gqmmt"]
[ext_resource type="PackedScene" uid="uid://ba0igo8jquk3k" path="res://assets/scenes/env/fog.tscn" id="20_jscy8"]
[ext_resource type="PackedScene" uid="uid://xau1sksva2cv" path="res://assets/scenes/env/wall.tscn" id="21_yc10j"]
[ext_resource type="PackedScene" uid="uid://cchhimadbt1dg" path="res://assets/scenes/bigenemy.tscn" id="23_pm3ni"]

[sub_resource type="Environment" id="Environment_0wfyh"]
background_mode = 1
background_color = Color(0.16799998, 0.23099998, 0.42, 1)
background_energy_multiplier = 0.3
ambient_light_color = Color(0.264, 0.36299998, 0.66, 1)
tonemap_mode = 3
glow_enabled = true
volumetric_fog_albedo = Color(0.8530436, 0.9209266, 0.9365873, 1)
volumetric_fog_length = 66.9
volumetric_fog_detail_spread = 0.7071066

[sub_resource type="BoxShape3D" id="BoxShape3D_85g3d"]
size = Vector3(100, 1, 100)

[sub_resource type="BoxMesh" id="BoxMesh_choun"]
size = Vector3(100, 1, 110)

[sub_resource type="BoxMesh" id="BoxMesh_ya4ey"]
material = ExtResource("8_choun")
size = Vector3(1, 20, 100)

[sub_resource type="BoxShape3D" id="BoxShape3D_0wfyh"]
size = Vector3(73.29384, 1, 81.311325)

[sub_resource type="BoxShape3D" id="BoxShape3D_sugp2"]
size = Vector3(1, 20, 100)

[sub_resource type="BoxShape3D" id="BoxShape3D_jyhfs"]
size = Vector3(100, 20, 1)

[node name="main" type="Node3D" unique_id=2129682689]

[node name="WorldEnvironment" type="WorldEnvironment" parent="." unique_id=283175406]
environment = SubResource("Environment_0wfyh")

[node name="Env" type="Node3D" parent="." unique_id=1329344115]

[node name="floor" type="Area3D" parent="Env" unique_id=324086950]

[node name="CollisionShape3D" type="CollisionShape3D" parent="Env/floor" unique_id=1228591098]
transform = Transform3D(1, 0, 0, 0, 1, 0, 0, 0, 1, 1.5161743, 0, 0)
shape = SubResource("BoxShape3D_85g3d")

[node name="MeshInstance3D" type="MeshInstance3D" parent="Env/floor" unique_id=216736668]
transform = Transform3D(0.9999364, 0.007524781, -0.00839576, -0.0076142894, 0.999914, -0.010678317, 0.00831467, 0.01074158, 0.99990773, -0.039340973, 1.9073486e-06, 5.1042843)
mesh = SubResource("BoxMesh_choun")
surface_material_override/0 = ExtResource("7_85g3d")

[node name="wall_left" type="Node3D" parent="Env" unique_id=402288944]
transform = Transform3D(1, 0, 0, 0, 1, 0, 0, 0, 1, 50, 10, 0)

[node name="MeshInstance3D" type="MeshInstance3D" parent="Env/wall_left" unique_id=494591863]
transform = Transform3D(1, 0, 0, 0, 1, 0, 0, 0, 1, 0, -0.42604065, 0)
mesh = SubResource("BoxMesh_ya4ey")

[node name="wall_right" type="Node3D" parent="Env" unique_id=1521696589]
transform = Transform3D(1, 0, 0, 0, 1, 0, 0, 0, 1, -50, -7, -0.5)

[node name="MeshInstance3D" type="MeshInstance3D" parent="Env/wall_right" unique_id=390377885]
transform = Transform3D(1, 0, 0, 0, 1, 0, 0, 0, 1, 0, 0.019945145, 0)
mesh = SubResource("BoxMesh_ya4ey")

[node name="wall_forward" type="Node3D" parent="Env" unique_id=1050897014]
transform = Transform3D(-4.371139e-08, 0, 1, 0, 1, 0, -1, 0, -4.371139e-08, -0.4, 9.614342, 50)

[node name="wall" parent="Env/wall_forward" unique_id=33382425 instance=ExtResource("21_yc10j")]
transform = Transform3D(0.5, 0, 0, 0, 0.5, 0, 0, 0, 0.5, -0.06111145, -10.401544, 0.3120674)

[node name="wall_back" type="Node3D" parent="Env" unique_id=1967937392]
transform = Transform3D(-4.371139e-08, 0, 1, 0, 1, 0, -1, 0, -4.371139e-08, -0.4, -7, -50)

[node name="MeshInstance3D" type="MeshInstance3D" parent="Env/wall_back" unique_id=439442121]
mesh = SubResource("BoxMesh_ya4ey")
surface_material_override/0 = ExtResource("8_choun")

[node name="pipes" type="Node3D" parent="Env" unique_id=1987013284]

[node name="1" type="Node" parent="Env/pipes" unique_id=424982482]

[node name="pipe1" parent="Env/pipes/1" unique_id=1497072608 instance=ExtResource("9_eb6dy")]
transform = Transform3D(0.74632436, -0.17553055, -0.6420194, 0.055922262, 0.97772425, -0.20230606, 0.6632288, 0.115082785, 0.7395156, -8.072641, 0.9144285, 9.48214)

[node name="pipe2" parent="Env/pipes/1" unique_id=1852990072 instance=ExtResource("9_eb6dy")]
transform = Transform3D(-0.9969149, 0, 1.7338284, 0, 2, 0, -1.7338284, 0, -0.9969149, -13.034103, -0.0144274235, 5.9257536)

[node name="pipe3" parent="Env/pipes/1" unique_id=190328433 instance=ExtResource("10_trceg")]
transform = Transform3D(-0.63592684, 0.68933856, 0.34700054, 0.58574003, 0.1383529, 0.79860324, 0.50249946, 0.7111054, -0.49175566, -14.114909, 2.024941, 8.381576)

[node name="2" type="Node" parent="Env/pipes" unique_id=2129542733]

[node name="pipe4" parent="Env/pipes/2" unique_id=746850536 instance=ExtResource("9_eb6dy")]
transform = Transform3D(0.8486155, 0.059260063, 0.5256806, -0.19278988, 0.9600115, 0.20300187, -0.49262953, -0.2736164, 0.8261054, -39.863953, 0.5335231, 23.8326)

[node name="pipe5" parent="Env/pipes/2" unique_id=1133781813 instance=ExtResource("9_eb6dy")]
transform = Transform3D(-0.75036275, 0, 1.2988286, 0, 1.5, 0, -1.2988286, 0, -0.75036275, -45.137146, -0.0144274235, 18.555424)

[node name="pipe6" parent="Env/pipes/2" unique_id=877846454 instance=ExtResource("10_trceg")]
transform = Transform3D(-0.63489044, 0.6908016, 0.34598696, 0.75135696, 0.44776562, 0.4847355, 0.17993498, 0.567714, -0.8033209, -43.868996, 2.024941, 19.37262)

[node name="pipe7" parent="Env/pipes/2" unique_id=1808894410 instance=ExtResource("10_trceg")]
transform = Transform3D(-1.2697812, 1.3816034, 0.6919741, 1.5095657, 1.300404, 0.17367071, -0.329951, 0.6325521, -1.8684248, -42.237564, 3.5654707, 22.899536)

[node name="3" type="Node" parent="Env/pipes" unique_id=417623886]

[node name="pipe4" parent="Env/pipes/3" unique_id=2113570264 instance=ExtResource("9_eb6dy")]
transform = Transform3D(0.8486155, 0.059260063, 0.5256806, -0.19278988, 0.9600115, 0.20300187, -0.49262953, -0.2736164, 0.8261054, 29.30698, 0.5335231, 38.60729)

[node name="pipe5" parent="Env/pipes/3" unique_id=1269147086 instance=ExtResource("9_eb6dy")]
transform = Transform3D(-2.1735497, -0.7165806, 1.9396389, -1.6051656, 2.3587036, -0.9273407, -1.3035061, -1.709687, -2.092329, 22.118414, 2.9116127, 40.48723)

[node name="pipe6" parent="Env/pipes/3" unique_id=689685435 instance=ExtResource("10_trceg")]
transform = Transform3D(-0.63489044, 0.6908016, 0.34598696, 0.75135696, 0.44776562, 0.4847355, 0.17993498, 0.567714, -0.8033209, 24.170593, 2.024941, 41.95104)

[node name="pipe7" parent="Env/pipes/3" unique_id=1494726825 instance=ExtResource("10_trceg")]
transform = Transform3D(-1.2697811, 1.3816032, 0.6919741, 0.87824607, 1.3822026, -1.1481287, -1.2713536, -0.42507434, -1.4842415, 27.593212, 2.6805034, 39.328663)

[node name="4" type="Node" parent="Env/pipes" unique_id=100525001]

[node name="pipe4" parent="Env/pipes/4" unique_id=1365352153 instance=ExtResource("9_eb6dy")]
transform = Transform3D(0.8486155, 0.059260063, 0.5256806, 0.035392866, 0.9851194, -0.16818799, -0.5278249, 0.16133225, 0.83389014, 20.407602, 0.7605376, -9.434689)

[node name="pipe5" parent="Env/pipes/4" unique_id=1127562838 instance=ExtResource("9_eb6dy")]
transform = Transform3D(-0.75036275, 0, 1.2988286, 0, 1.5, 0, -1.2988286, 0, -0.75036275, 18.505932, -0.0144274235, -13.369724)

[node name="pipe6" parent="Env/pipes/4" unique_id=1117360788 instance=ExtResource("10_trceg")]
transform = Transform3D(-0.6348905, 0.6908017, 0.34598702, 0.73601365, 0.4046084, 0.5427485, 0.23494233, 0.59923726, -0.7653217, 19.774082, 2.024941, -12.552528)

[node name="pipe7" parent="Env/pipes/4" unique_id=1496630014 instance=ExtResource("10_trceg")]
transform = Transform3D(-0.6594506, 0.8112123, -0.34213987, 0.87423146, 0.6539156, -0.13458863, 0.10413699, -0.35260352, -1.0367385, 18.26333, 1.8346124, -9.025612)

[node name="5" type="Node" parent="Env/pipes" unique_id=757565326]

[node name="pipe4" parent="Env/pipes/5" unique_id=1453756686 instance=ExtResource("9_eb6dy")]
transform = Transform3D(0.8486155, 0.059260063, 0.5256806, -0.19278988, 0.9600115, 0.20300187, -0.49262953, -0.2736164, 0.8261054, 38.256027, 0.5335231, -38.178516)

[node name="pipe5" parent="Env/pipes/5" unique_id=1339516020 instance=ExtResource("9_eb6dy")]
transform = Transform3D(-0.75036275, 0, 1.2988286, 0, 1.5, 0, -1.2988286, 0, -0.75036275, 32.982834, -0.0144274235, -43.455692)

[node name="pipe6" parent="Env/pipes/5" unique_id=1765902261 instance=ExtResource("10_trceg")]
transform = Transform3D(-0.63489044, 0.6908016, 0.34598696, 0.75135696, 0.44776562, 0.4847355, 0.17993498, 0.567714, -0.8033209, 34.250984, 2.024941, -42.638496)

[node name="pipe7" parent="Env/pipes/5" unique_id=1870485852 instance=ExtResource("10_trceg")]
transform = Transform3D(-1.2697812, 1.3816034, 0.6919741, 1.5095657, 1.300404, 0.17367071, -0.329951, 0.6325521, -1.8684248, 35.882416, 3.5654707, -39.11158)

[node name="6" type="Node" parent="Env/pipes" unique_id=75178538]

[node name="pipe5" parent="Env/pipes/6" unique_id=2055471806 instance=ExtResource("9_eb6dy")]
transform = Transform3D(-0.75036275, 0, 1.2988286, 0, 1.5, 0, -1.2988286, 0, -0.75036275, -45.137146, -0.0144274235, -39.27296)

[node name="pipe6" parent="Env/pipes/6" unique_id=687516243 instance=ExtResource("10_trceg")]
transform = Transform3D(-0.63489044, 0.6908016, 0.34598696, 0.75135696, 0.44776562, 0.4847355, 0.17993498, 0.567714, -0.8033209, -43.868996, 2.024941, -38.455765)

[node name="scatter" type="Node" parent="Env/pipes" unique_id=121331767]

[node name="pipe4" parent="Env/pipes/scatter" unique_id=995252921 instance=ExtResource("9_eb6dy")]
transform = Transform3D(0.303357, -0.13843517, 0.9427674, -0.19278991, 0.9600116, 0.2030019, -0.9331702, -0.24333799, 0.26453725, 15.325199, 0.5335231, 16.2753)

[node name="pipe7" parent="Env/pipes/scatter" unique_id=29431350 instance=ExtResource("10_trceg")]
transform = Transform3D(-1.269781, 1.3816031, 0.6919739, 1.4914763, 1.3299893, 0.081406176, -0.40392396, 0.56771535, -1.8747121, -31.483059, 0.9193058, -2.8172874)

[node name="debris" type="Node3D" parent="Env" unique_id=1432548216]

[node name="1" type="Node" parent="Env/debris" unique_id=1106667482]

[node name="debris" parent="Env/debris/1" unique_id=1858620138 instance=ExtResource("11_a8y0u")]
transform = Transform3D(0.2880291, 0, 0.95762163, 0, 1, 0, -0.95762163, 0, 0.2880291, -11.8996105, 1.2779851, 7.5236845)
disable_collisions = false

[node name="debris2" parent="Env/debris/1" unique_id=1916229246 instance=ExtResource("12_jkv2x")]
transform = Transform3D(-0.55397296, 0, 0.8325346, 0, 1, 0, -0.8325346, 0, -0.55397296, -12.832735, 1.214144, 1.9133158)

[node name="debris4" parent="Env/debris/1" unique_id=1307834622 instance=ExtResource("12_jkv2x")]
transform = Transform3D(-0.39373654, 0, -0.3081745, 0, 0.5, 0, 0.3081745, 0, -0.39373654, -15.579244, 1.214144, 11.180261)

[node name="debris3" parent="Env/debris/1" unique_id=707277088 instance=ExtResource("13_trceg")]
transform = Transform3D(0.7920273, -0.24435452, -0.5594496, 0.16376008, 0.96785384, -0.19089663, 0.588112, 0.05957988, 0.80658233, -18.272238, 2.3723907, 10.87221)
disable_collisions = false

[node name="2" type="Node" parent="Env/debris" unique_id=1688347825]

[node name="debris5" parent="Env/debris/2" unique_id=1714746646 instance=ExtResource("11_a8y0u")]
transform = Transform3D(0.2880291, 0, 0.95762163, 0, 1, 0, -0.95762163, 0, 0.2880291, -36.694115, 1.2779851, 21.028969)
disable_collisions = false

[node name="debris6" parent="Env/debris/2" unique_id=1579856462 instance=ExtResource("12_jkv2x")]
transform = Transform3D(-0.5539729, 0, 0.8325346, 0, 1, 0, -0.8325346, 0, -0.5539729, -37.627243, 1.214144, 15.418599)

[node name="debris7" parent="Env/debris/2" unique_id=532740512 instance=ExtResource("12_jkv2x")]
transform = Transform3D(-0.39373654, 0, -0.3081745, 0, 0.5, 0, 0.3081745, 0, -0.39373654, -40.37375, 1.214144, 24.685543)

[node name="debris8" parent="Env/debris/2" unique_id=584518461 instance=ExtResource("13_trceg")]
transform = Transform3D(0.7920273, -0.24435452, -0.5594496, 0.16376008, 0.96785384, -0.19089663, 0.588112, 0.05957988, 0.80658233, -43.066742, 2.3723907, 24.377493)

[node name="3" type="Node" parent="Env/debris" unique_id=1698126844]

[node name="debris5" parent="Env/debris/3" unique_id=1749121863 instance=ExtResource("11_a8y0u")]
transform = Transform3D(-0.03252773, 0, 0.24787486, 0, 0.25, 0, -0.24787486, 0, -0.03252773, 26.346708, 0.6913636, 43.234077)

[node name="debris9" parent="Env/debris/3" unique_id=881836636 instance=ExtResource("11_a8y0u")]
transform = Transform3D(-0.22498544, -0.016152654, -0.10779928, 0.0012828266, 0.24683042, -0.039662436, 0.10899515, -0.036247004, -0.2220501, 25.780916, 0.94730926, 42.019627)

[node name="debris6" parent="Env/debris/3" unique_id=205407774 instance=ExtResource("12_jkv2x")]
transform = Transform3D(-0.76057595, 0, 0.64924884, 0, 1, 0, -0.64924884, 0, -0.76057595, 27.358448, 1.214144, 32.98206)

[node name="debris10" parent="Env/debris/3" unique_id=763883734 instance=ExtResource("12_jkv2x")]
transform = Transform3D(-0.76057595, 0, 0.64924884, 0, 1, 0, -0.64924884, 0, -0.76057595, 27.358448, 1.214144, 40.23376)

[node name="debris7" parent="Env/debris/3" unique_id=529690596 instance=ExtResource("12_jkv2x")]
transform = Transform3D(-0.39373654, 0, -0.3081745, 0, 0.5, 0, 0.3081745, 0, -0.39373654, 22.667074, 1.214144, 42.249004)

[node name="debris8" parent="Env/debris/3" unique_id=758547085 instance=ExtResource("13_trceg")]
transform = Transform3D(0.08636737, -0.20683205, -0.97455716, 0.1637601, 0.96785384, -0.19089662, 0.9827124, -0.1431062, 0.11746201, 19.974081, 2.3723907, 41.940956)
disable_collisions = false

[node name="4" type="Node" parent="Env/debris" unique_id=318078937]

[node name="debris5" parent="Env/debris/4" unique_id=1140929420 instance=ExtResource("11_a8y0u")]
transform = Transform3D(0.2880291, 0, 0.95762163, 0, 1, 0, -0.95762163, 0, 0.2880291, 23.975039, 1.2779851, -12.655853)
disable_collisions = false

[node name="debris10" parent="Env/debris/4" unique_id=11818223 instance=ExtResource("11_a8y0u")]
transform = Transform3D(0.14401455, 0, 0.47881082, 0, 0.5, 0, -0.47881082, 0, 0.14401455, 20.606764, 1.2779851, -7.285549)

[node name="debris6" parent="Env/debris/4" unique_id=741444680 instance=ExtResource("12_jkv2x")]
transform = Transform3D(-0.5539729, 0, 0.8325346, 0, 1, 0, -0.8325346, 0, -0.5539729, 23.04191, 1.214144, -18.266224)

[node name="debris7" parent="Env/debris/4" unique_id=1137524411 instance=ExtResource("12_jkv2x")]
transform = Transform3D(-0.39373654, 0, -0.3081745, 0, 0.5, 0, 0.3081745, 0, -0.39373654, 18.336153, 1.214144, -10.954653)

[node name="debris8" parent="Env/debris/4" unique_id=1194057971 instance=ExtResource("13_trceg")]
transform = Transform3D(0.48434576, 0, 0.12413362, 0, 0.49999997, 0, -0.12413362, 0, 0.48434576, 16.481388, 1.0919025, -9.307327)
disable_collisions = false

[node name="debris9" parent="Env/debris/4" unique_id=2019097985 instance=ExtResource("13_trceg")]
transform = Transform3D(0.17825486, 0, 0.46714586, 0, 0.49999997, 0, -0.46714586, 0, 0.17825486, 15.446024, 1.0919025, -9.209231)

[node name="5" type="Node" parent="Env/debris" unique_id=479168776]

[node name="debris5" parent="Env/debris/5" unique_id=485396378 instance=ExtResource("11_a8y0u")]
transform = Transform3D(0.2880291, 0, 0.95762163, 0, 1, 0, -0.95762163, 0, 0.2880291, 39.952553, 1.2779851, -41.154903)
disable_collisions = false

[node name="debris6" parent="Env/debris/5" unique_id=1670690291 instance=ExtResource("12_jkv2x")]
transform = Transform3D(-0.5539729, 0, 0.8325346, 0, 1, 0, -0.8325346, 0, -0.5539729, 39.019424, 1.214144, -46.765274)

[node name="debris7" parent="Env/debris/5" unique_id=757285538 instance=ExtResource("12_jkv2x")]
transform = Transform3D(-0.39373654, 0, -0.3081745, 0, 0.5, 0, 0.3081745, 0, -0.39373654, 36.27292, 1.214144, -37.49833)

[node name="debris8" parent="Env/debris/5" unique_id=683149463 instance=ExtResource("13_trceg")]
transform = Transform3D(0.7920273, -0.24435452, -0.5594496, 0.16376008, 0.96785384, -0.19089663, 0.588112, 0.05957988, 0.80658233, 33.579926, 2.3723907, -37.806377)
disable_collisions = false

[node name="6" type="Node" parent="Env/debris" unique_id=518798121]

[node name="debris5" parent="Env/debris/6" unique_id=1705252786 instance=ExtResource("11_a8y0u")]
transform = Transform3D(0.2880291, 0, 0.95762163, 0, 1, 0, -0.95762163, 0, 0.2880291, -38.19204, 1.2779851, -38.351547)
disable_collisions = false

[node name="debris6" parent="Env/debris/6" unique_id=1407529955 instance=ExtResource("12_jkv2x")]
transform = Transform3D(-0.5539729, 0, 0.8325346, 0, 1, 0, -0.8325346, 0, -0.5539729, -39.125168, 1.214144, -43.961918)

[node name="debris7" parent="Env/debris/6" unique_id=67406952 instance=ExtResource("12_jkv2x")]
transform = Transform3D(-0.39373654, 0, -0.3081745, 0, 0.5, 0, 0.3081745, 0, -0.39373654, -41.871674, 1.214144, -34.694973)

[node name="debris8" parent="Env/debris/6" unique_id=1045450586 instance=ExtResource("13_trceg")]
transform = Transform3D(0.7920273, -0.24435452, -0.5594496, 0.16376008, 0.96785384, -0.19089663, 0.588112, 0.05957988, 0.80658233, -44.564667, 2.3723907, -35.00302)
disable_collisions = false

[node name="scatter" type="Node" parent="Env/debris" unique_id=1308376950]

[node name="debris6" parent="Env/debris/scatter" unique_id=985240028 instance=ExtResource("12_jkv2x")]
transform = Transform3D(-0.90634465, 0, 0.42253906, 0, 1, 0, -0.42253906, 0, -0.90634465, -17.672382, 1.214144, -30.750206)

[node name="debris7" parent="Env/debris/scatter" unique_id=1287852021 instance=ExtResource("12_jkv2x")]
transform = Transform3D(-0.9905814, 0, -0.13692601, 0, 1, 0, 0.13692601, 0, -0.9905814, -12.3186455, 1.214144, 38.57276)

[node name="debris8" parent="Env/debris/scatter" unique_id=1151653585 instance=ExtResource("12_jkv2x")]
transform = Transform3D(-0.39373654, 0, -0.3081745, 0, 0.5, 0, 0.3081745, 0, -0.39373654, 12.990095, 1.214144, 21.981596)

[node name="debris9" parent="Env/debris/scatter" unique_id=509121467 instance=ExtResource("13_trceg")]
transform = Transform3D(0.29060748, 0, 0.074480176, 0, 0.3, 0, -0.074480176, 0, 0.29060748, 31.08435, 1.0919025, 6.5014114)

[node name="debris10" parent="Env/debris/scatter" unique_id=612953561 instance=ExtResource("13_trceg")]
transform = Transform3D(0.19622427, 0, 0.22692734, 0, 0.30000004, 0, -0.22692734, 0, 0.19622427, 31.511963, 1.0919025, -26.89088)

[node name="shelves" type="Node3D" parent="Env" unique_id=681177296]

[node name="shelf1" parent="Env/shelves" unique_id=572766256 instance=ExtResource("11_trceg")]
transform = Transform3D(-2.2924938e-08, -0.52446145, -0.8514342, 1, -4.371139e-08, 0, -3.721737e-08, -0.8514342, 0.52446145, -23.392586, 1.3354864, -37.365467)

[node name="shelf3" parent="Env/shelves" unique_id=1019530217 instance=ExtResource("11_trceg")]
transform = Transform3D(-0.6064433, -0.360896, -0.70850575, -0.33658257, 0.9238061, -0.18246807, 0.72037405, 0.12781414, -0.6817074, -39.54409, 1.4322548, -25.510294)

[node name="shelf4" parent="Env/shelves" unique_id=28414033 instance=ExtResource("11_trceg")]
transform = Transform3D(0.7906575, 0, 0.6122587, 0, 1, 0, -0.6122587, 0, 0.7906575, -45.557217, 0.23109388, -25.510294)

[node name="shelf6" parent="Env/shelves" unique_id=481082242 instance=ExtResource("11_trceg")]
transform = Transform3D(-0.6312445, 0, 0.7755839, 0, 1, 0, -0.7755839, 0, -0.6312445, -47.857464, -0.73634434, -14.2390995)

[node name="shelf5" parent="Env/shelves" unique_id=1562875209 instance=ExtResource("11_trceg")]
transform = Transform3D(-0.18296112, 0.33565962, 0.92404443, 0.8842621, 0.46695903, 0.0054611117, -0.42965794, 0.8180966, -0.38224646, -43.406338, 1.4322548, 14.471864)

[node name="shelf2" parent="Env/shelves" unique_id=1128290935 instance=ExtResource("11_trceg")]
transform = Transform3D(-3.9111676e-08, -0.8947708, -0.44652593, 1, -4.3711392e-08, 3.3757122e-15, -1.9518268e-08, -0.44652593, 0.8947708, -29.36575, 1.3354864, -39.12565)

[node name="broken_shelf1" parent="Env/shelves" unique_id=940664526 instance=ExtResource("12_a8y0u")]
transform = Transform3D(-3.5378942e-08, -0.8093759, 0.58729094, 1, -4.371139e-08, 0, 2.5671303e-08, 0.58729094, 0.8093759, -35.18103, 2.0775814, -33.602203)

[node name="broken_shelf3" parent="Env/shelves" unique_id=143681976 instance=ExtResource("12_a8y0u")]
transform = Transform3D(-3.5378942e-08, -0.8093759, 0.58729094, 1, -4.371139e-08, 0, 2.5671303e-08, 0.58729094, 0.8093759, -46.988808, 2.0775814, -10.274223)

[node name="broken_shelf2" parent="Env/shelves" unique_id=717514150 instance=ExtResource("12_a8y0u")]
transform = Transform3D(0.63966715, -0.6221285, 0.45142227, 0.66519564, 0.74232256, 0.080448866, -0.38515058, 0.24882361, 0.8886764, -16.065496, 1.3421211, -32.141975)

[node name="incubators" type="Node3D" parent="Env" unique_id=490954517]

[node name="incubator" parent="Env/incubators" unique_id=913447650 instance=ExtResource("13_jkv2x")]
transform = Transform3D(5.510968, 0, -2.3725996, 0, 6, 0, 2.3725996, 0, 5.510968, -41.469646, 8.867464, 34.884426)

[node name="incubator2" parent="Env/incubators" unique_id=1719178698 instance=ExtResource("13_jkv2x")]
transform = Transform3D(-0.7420244, 0, -5.9539394, 0, 5.9999995, 0, 5.9539394, 0, -0.7420244, -40.84296, 8.867464, 3.427248)

[node name="incubator3" parent="Env/incubators" unique_id=2074367647 instance=ExtResource("13_jkv2x")]
transform = Transform3D(0.98811656, 2.8318932, -0.06332217, -0.12047418, -0.024988314, -2.9974766, -2.830037, 0.989828, 0.10549284, -30.926945, 3.7873192, 18.969992)

[node name="pc" type="Node3D" parent="Env" unique_id=1384677335]

[node name="pc" parent="Env/pc" unique_id=1065256319 instance=ExtResource("13_a8y0u")]
transform = Transform3D(-6.556708e-08, 0, -1.5, 0, 1.5, 0, 1.5, 0, -6.556708e-08, 48.50231, 7.6293945e-06, -2.8310204)

[node name="lamps" type="Node3D" parent="Env" unique_id=891180502]

[node name="lamp" parent="Env/lamps" unique_id=1475684972 instance=ExtResource("14_a8y0u")]
transform = Transform3D(0.14980246, 0.6288185, 0.76298535, -0.12114755, 0.7775524, -0.617038, -0.98126584, -7.3338358e-09, 0.19265904, 31.802912, 0.28541887, -40.406853)

[node name="lamp6" parent="Env/lamps" unique_id=1668262043 instance=ExtResource("14_a8y0u")]
transform = Transform3D(-0.66872287, 0.3954553, 0.6296229, -0.12114754, 0.7775524, -0.617038, -0.7335755, -0.48890465, -0.47205845, -42.063087, 0.28541887, -28.588017)

[node name="lamp4" parent="Env/lamps" unique_id=514292195 instance=ExtResource("14_a8y0u")]
transform = Transform3D(0.14980246, 0.6288185, 0.76298535, -0.12114755, 0.7775524, -0.617038, -0.98126584, -7.3338358e-09, 0.19265904, 25.164263, 0.28541887, 43.742363)

[node name="lamp5" parent="Env/lamps" unique_id=75348578 instance=ExtResource("14_a8y0u")]
transform = Transform3D(0.14980246, 0.6288185, 0.76298535, -0.12114755, 0.7775524, -0.617038, -0.98126584, -7.3338358e-09, 0.19265904, -45.09745, 0.28541887, 19.048069)

[node name="lamp2" parent="Env/lamps" unique_id=810858818 instance=ExtResource("14_a8y0u")]
transform = Transform3D(-1.4444647, -0.36431614, -0.17548588, -0.18172134, 1.1663284, -0.9255569, 0.36124632, -0.8700298, -1.1672828, 40.274727, 0.28541887, -34.5201)

[node name="lamp3" parent="Env/lamps" unique_id=929970626 instance=ExtResource("14_a8y0u")]
transform = Transform3D(-2.445655, -0.04357712, -0.5165952, 0.1411161, 2.3411326, -0.86555415, 0.4988545, -0.8758985, -2.2877822, 9.540963, 0.8745817, -41.634834)
base_energy = 1.5
flicker_speed = 0.7
intensity_range = 0.8
flicker_chance = 0.5
check_interval = 0.23
smooth_speed = 15.0

[node name="lamp7" parent="Env/lamps" unique_id=1863155028 instance=ExtResource("14_a8y0u")]
transform = Transform3D(3.6519296, -1.4886806, -0.66875666, 1.5664079, 3.6573687, 0.41233656, 0.4580127, -0.6383424, 3.9220843, 36.94504, 1.357986, 45.07435)
base_energy = 10.0
flicker_speed = 0.7
intensity_range = 0.8
flicker_chance = 0.5
check_interval = 0.23
smooth_speed = 15.0

[node name="pickup" type="Node3D" parent="Env" unique_id=828927156]

[node name="pickup" parent="Env/pickup" unique_id=366531057 instance=ExtResource("14_jkv2x")]
transform = Transform3D(-3.3607552, 0, 0.97740734, 0, 3.5, 0, -0.97740734, 0, -3.3607552, -23.688377, -1.1542335, 47.002003)

[node name="pickup2" parent="Env/pickup" unique_id=913766855 instance=ExtResource("14_jkv2x")]
transform = Transform3D(-0.55166703, 1.922405, -0.0046702954, 0.15324718, 0.04881998, 1.9935224, 1.916293, 0.5495226, -0.16076775, -25.770222, 0.18305969, -47.65063)

[node name="ventilation" type="Node3D" parent="Env" unique_id=203224961]

[node name="1" type="Node" parent="Env/ventilation" unique_id=1317139489]

[node name="ventilationtube" parent="Env/ventilation/1" unique_id=24315464 instance=ExtResource("14_jbj1t")]
transform = Transform3D(-4.371139e-08, 1, 0, -1, -4.371139e-08, 0, 0, 0, 1, 43.9377, 12.335824, 43.427567)

[node name="ventilationtube2" parent="Env/ventilation/1" unique_id=2100450717 instance=ExtResource("14_jbj1t")]
transform = Transform3D(-4.371139e-08, 1, 0, -1, -4.371139e-08, 0, 0, 0, 1, 43.9377, 16.260393, 43.427567)

[node name="ventilationtube_curved" parent="Env/ventilation/1" unique_id=44471914 instance=ExtResource("15_muem4")]
transform = Transform3D(0.65359235, 0.7568467, 3.3082824e-08, 0, -4.3711385e-08, 1, 0.7568468, -0.6535923, -2.856943e-08, 43.145416, 7.1121883, 43.29414)

[node name="2" type="Node" parent="Env/ventilation" unique_id=677805331]

[node name="ventilationtube" parent="Env/ventilation/2" unique_id=246645728 instance=ExtResource("14_jbj1t")]
transform = Transform3D(0.41366753, -0.7139115, -0.5649862, -0.59612155, 0.25665286, -0.76076823, 0.68812656, 0.65150565, -0.31940904, -40.412304, 4.7117186, 16.83212)

[node name="ventilationtube_curved" parent="Env/ventilation/2" unique_id=1306488101 instance=ExtResource("15_muem4")]
transform = Transform3D(-0.6649887, 0.22227651, -0.71300995, -0.40803856, 0.691479, 0.59612143, 0.62553537, 0.6873496, -0.36912847, -36.221478, 3.0263653, 25.525864)

[node name="3" type="Node" parent="Env/ventilation" unique_id=488570285]

[node name="ventilationtube_curved" parent="Env/ventilation/3" unique_id=599774024 instance=ExtResource("15_muem4")]
transform = Transform3D(-4.3711385e-08, -0.9999999, 4.3711385e-08, 0, -4.3711385e-08, -0.9999999, 0.9999999, -4.3711385e-08, 1.9106853e-15, -55.199463, 16.895435, 43.924236)

[node name="ventilationtube_curved2" parent="Env/ventilation/3" unique_id=1931494332 instance=ExtResource("15_muem4")]
transform = Transform3D(-4.3711385e-08, 0.9999999, -1.1924879e-08, 0, 1.1924879e-08, 0.9999999, 0.9999999, 4.3711385e-08, -5.21253e-16, -55.199463, -4.3757243, 43.904606)

[node name="vertical" type="Node3D" parent="Env/ventilation/3" unique_id=1752728259]

[node name="ventilationtube3" parent="Env/ventilation/3/vertical" unique_id=1891399129 instance=ExtResource("14_jbj1t")]
transform = Transform3D(-4.371139e-08, 1, 0, -1, -4.371139e-08, 0, 0, 0, 1, -55.193653, 12.171385, 44.434547)

[node name="ventilationtube4" parent="Env/ventilation/3/vertical" unique_id=1159785097 instance=ExtResource("14_jbj1t")]
transform = Transform3D(-4.371139e-08, 1, 0, -1, -4.371139e-08, 0, 0, 0, 1, -55.193653, 8.262772, 44.434547)

[node name="ventilationtube5" parent="Env/ventilation/3/vertical" unique_id=1491733395 instance=ExtResource("14_jbj1t")]
transform = Transform3D(-4.371139e-08, 1, 0, -1, -4.371139e-08, 0, 0, 0, 1, -55.193653, 4.5946884, 44.434547)

[node name="ventilationtube6" parent="Env/ventilation/3/vertical" unique_id=1498690701 instance=ExtResource("14_jbj1t")]
transform = Transform3D(-4.371139e-08, 1, 0, -1, -4.371139e-08, 0, 0, 0, 1, -55.193653, 0.8063412, 44.434547)

[node name="horizantal" type="Node3D" parent="Env/ventilation/3" unique_id=325218059]

[node name="ventilationtube3" parent="Env/ventilation/3/horizantal" unique_id=1959715855 instance=ExtResource("14_jbj1t")]
transform = Transform3D(-4.371139e-08, 1, -2.0438185e-15, 0.0063179433, 2.761702e-10, 0.99998003, 0.99998003, 4.3710514e-08, -0.0063179433, -55.149464, 19.614983, 24.517464)

[node name="ventilationtube4" parent="Env/ventilation/3/horizantal" unique_id=476427579 instance=ExtResource("14_jbj1t")]
transform = Transform3D(-4.371139e-08, 1, -2.0438185e-15, 0.0063179433, 2.761702e-10, 0.99998003, 0.99998003, 4.3710514e-08, -0.0063179433, -55.149464, 19.639677, 28.426003)

[node name="ventilationtube5" parent="Env/ventilation/3/horizantal" unique_id=1144816237 instance=ExtResource("14_jbj1t")]
transform = Transform3D(-4.371139e-08, 1, -2.0438185e-15, 0.0063179433, 2.761702e-10, 0.99998003, 0.99998003, 4.3710514e-08, -0.0063179433, -55.149464, 19.662853, 32.09401)

[node name="ventilationtube6" parent="Env/ventilation/3/horizantal" unique_id=1941465783 instance=ExtResource("14_jbj1t")]
transform = Transform3D(-4.371139e-08, 1, -2.0438185e-15, 0.0063179433, 2.761702e-10, 0.99998003, 0.99998003, 4.3710514e-08, -0.0063179433, -55.149464, 19.686787, 35.882282)

[node name="ventilationtube7" parent="Env/ventilation/3/horizantal" unique_id=56988850 instance=ExtResource("14_jbj1t")]
transform = Transform3D(-4.371139e-08, 1, -2.0438185e-15, 0.0063179433, 2.761702e-10, 0.99998003, 0.99998003, 4.3710514e-08, -0.0063179433, -55.149464, 19.614983, 8.963547)

[node name="ventilationtube8" parent="Env/ventilation/3/horizantal" unique_id=1777173424 instance=ExtResource("14_jbj1t")]
transform = Transform3D(-4.371139e-08, 1, -2.0438185e-15, 0.0063179433, 2.761702e-10, 0.99998003, 0.99998003, 4.3710514e-08, -0.0063179433, -55.149464, 19.639677, 12.872086)

[node name="ventilationtube9" parent="Env/ventilation/3/horizantal" unique_id=470434464 instance=ExtResource("14_jbj1t")]
transform = Transform3D(-4.371139e-08, 1, -2.0438185e-15, 0.0063179433, 2.761702e-10, 0.99998003, 0.99998003, 4.3710514e-08, -0.0063179433, -55.149464, 19.662853, 16.540092)

[node name="ventilationtube10" parent="Env/ventilation/3/horizantal" unique_id=143288537 instance=ExtResource("14_jbj1t")]
transform = Transform3D(-4.371139e-08, 1, -2.0438185e-15, 0.0063179433, 2.761702e-10, 0.99998003, 0.99998003, 4.3710514e-08, -0.0063179433, -55.149464, 19.686787, 20.328365)

[node name="ventilationtube11" parent="Env/ventilation/3/horizantal" unique_id=823074408 instance=ExtResource("14_jbj1t")]
transform = Transform3D(-4.371139e-08, 1, -2.0438185e-15, 0.0063179433, 2.761702e-10, 0.99998003, 0.99998003, 4.3710514e-08, -0.0063179433, -55.149464, 19.614983, -6.494953)

[node name="ventilationtube12" parent="Env/ventilation/3/horizantal" unique_id=2037901089 instance=ExtResource("14_jbj1t")]
transform = Transform3D(-4.371139e-08, 1, -2.0438185e-15, 0.0063179433, 2.761702e-10, 0.99998003, 0.99998003, 4.3710514e-08, -0.0063179433, -55.149464, 19.639677, -2.5864143)

[node name="ventilationtube13" parent="Env/ventilation/3/horizantal" unique_id=1929135193 instance=ExtResource("14_jbj1t")]
transform = Transform3D(-4.371139e-08, 1, -2.0438185e-15, 0.0063179433, 2.761702e-10, 0.99998003, 0.99998003, 4.3710514e-08, -0.0063179433, -55.149464, 19.662853, 1.0815926)

[node name="ventilationtube14" parent="Env/ventilation/3/horizantal" unique_id=1843874600 instance=ExtResource("14_jbj1t")]
transform = Transform3D(-4.371139e-08, 1, -2.0438185e-15, 0.0063179433, 2.761702e-10, 0.99998003, 0.99998003, 4.3710514e-08, -0.0063179433, -55.149464, 19.686787, 4.8698654)

[node name="ventilationtube15" parent="Env/ventilation/3/horizantal" unique_id=128112603 instance=ExtResource("14_jbj1t")]
transform = Transform3D(-4.371139e-08, 1, -2.0438185e-15, 0.0063179433, 2.761702e-10, 0.99998003, 0.99998003, 4.3710514e-08, -0.0063179433, -55.149464, 19.614983, -22.04887)

[node name="ventilationtube16" parent="Env/ventilation/3/horizantal" unique_id=1656766832 instance=ExtResource("14_jbj1t")]
transform = Transform3D(-4.371139e-08, 1, -2.0438185e-15, 0.0063179433, 2.761702e-10, 0.99998003, 0.99998003, 4.3710514e-08, -0.0063179433, -55.149464, 19.639677, -18.140331)

[node name="ventilationtube17" parent="Env/ventilation/3/horizantal" unique_id=465232232 instance=ExtResource("14_jbj1t")]
transform = Transform3D(-4.371139e-08, 1, -2.0438185e-15, 0.0063179433, 2.761702e-10, 0.99998003, 0.99998003, 4.3710514e-08, -0.0063179433, -55.149464, 19.662853, -14.472324)

[node name="ventilationtube18" parent="Env/ventilation/3/horizantal" unique_id=2032833645 instance=ExtResource("14_jbj1t")]
transform = Transform3D(-4.371139e-08, 1, -2.0438185e-15, 0.0063179433, 2.761702e-10, 0.99998003, 0.99998003, 4.3710514e-08, -0.0063179433, -55.149464, 19.686787, -10.6840515)

[node name="ventilationtube19" parent="Env/ventilation/3/horizantal" unique_id=641652266 instance=ExtResource("14_jbj1t")]
transform = Transform3D(-4.371139e-08, 1, -2.0438185e-15, 0.0063179433, 2.761702e-10, 0.99998003, 0.99998003, 4.3710514e-08, -0.0063179433, -55.149464, 19.614983, -37.698208)

[node name="ventilationtube20" parent="Env/ventilation/3/horizantal" unique_id=1000196377 instance=ExtResource("14_jbj1t")]
transform = Transform3D(-4.371139e-08, 1, -2.0438185e-15, 0.0063179433, 2.761702e-10, 0.99998003, 0.99998003, 4.3710514e-08, -0.0063179433, -55.149464, 19.639677, -33.78967)

[node name="ventilationtube21" parent="Env/ventilation/3/horizantal" unique_id=1295098534 instance=ExtResource("14_jbj1t")]
transform = Transform3D(-4.371139e-08, 1, -2.0438185e-15, 0.0063179433, 2.761702e-10, 0.99998003, 0.99998003, 4.3710514e-08, -0.0063179433, -55.149464, 19.662853, -30.121662)

[node name="ventilationtube22" parent="Env/ventilation/3/horizantal" unique_id=739876200 instance=ExtResource("14_jbj1t")]
transform = Transform3D(-4.371139e-08, 1, -2.0438185e-15, 0.0063179433, 2.761702e-10, 0.99998003, 0.99998003, 4.3710514e-08, -0.0063179433, -55.149464, 19.686787, -26.33339)

[node name="ventilationtube25" parent="Env/ventilation/3/horizantal" unique_id=873849087 instance=ExtResource("14_jbj1t")]
transform = Transform3D(-4.371139e-08, 1, -2.0438185e-15, 0.0063179433, 2.761702e-10, 0.99998003, 0.99998003, 4.3710514e-08, -0.0063179433, -55.149464, 19.662853, -45.67558)

[node name="ventilationtube26" parent="Env/ventilation/3/horizantal" unique_id=1669814311 instance=ExtResource("14_jbj1t")]
transform = Transform3D(-4.371139e-08, 1, -2.0438185e-15, 0.0063179433, 2.761702e-10, 0.99998003, 0.99998003, 4.3710514e-08, -0.0063179433, -55.149464, 19.686787, -41.887306)

[node name="horizantal2" type="Node3D" parent="Env/ventilation/3" unique_id=1040250460]

[node name="ventilationtube3" parent="Env/ventilation/3/horizantal2" unique_id=1868973429 instance=ExtResource("14_jbj1t")]
transform = Transform3D(-4.371139e-08, 1, -2.0438185e-15, 0.0063179433, 2.761702e-10, 0.99998003, 0.99998003, 4.3710514e-08, -0.0063179433, -55.149464, -8.631172, 24.517464)

[node name="ventilationtube4" parent="Env/ventilation/3/horizantal2" unique_id=1386002781 instance=ExtResource("14_jbj1t")]
transform = Transform3D(-4.371139e-08, 1, -2.0438185e-15, 0.0063179433, 2.761702e-10, 0.99998003, 0.99998003, 4.3710514e-08, -0.0063179433, -55.149464, -8.606478, 28.426003)

[node name="ventilationtube5" parent="Env/ventilation/3/horizantal2" unique_id=1330265419 instance=ExtResource("14_jbj1t")]
transform = Transform3D(-4.371139e-08, 1, -2.0438185e-15, 0.0063179433, 2.761702e-10, 0.99998003, 0.99998003, 4.3710514e-08, -0.0063179433, -55.149464, -8.583302, 32.09401)

[node name="ventilationtube6" parent="Env/ventilation/3/horizantal2" unique_id=621298892 instance=ExtResource("14_jbj1t")]
transform = Transform3D(-4.371139e-08, 1, -2.0438185e-15, 0.0063179433, 2.761702e-10, 0.99998003, 0.99998003, 4.3710514e-08, -0.0063179433, -55.149464, -8.559368, 35.882282)

[node name="ventilationtube7" parent="Env/ventilation/3/horizantal2" unique_id=623026760 instance=ExtResource("14_jbj1t")]
transform = Transform3D(-4.371139e-08, 1, -2.0438185e-15, 0.0063179433, 2.761702e-10, 0.99998003, 0.99998003, 4.3710514e-08, -0.0063179433, -55.149464, -8.631172, 8.963547)

[node name="ventilationtube8" parent="Env/ventilation/3/horizantal2" unique_id=1101055716 instance=ExtResource("14_jbj1t")]
transform = Transform3D(-4.371139e-08, 1, -2.0438185e-15, 0.0063179433, 2.761702e-10, 0.99998003, 0.99998003, 4.3710514e-08, -0.0063179433, -55.149464, -8.606478, 12.872086)

[node name="ventilationtube9" parent="Env/ventilation/3/horizantal2" unique_id=970699120 instance=ExtResource("14_jbj1t")]
transform = Transform3D(-4.371139e-08, 1, -2.0438185e-15, 0.0063179433, 2.761702e-10, 0.99998003, 0.99998003, 4.3710514e-08, -0.0063179433, -55.149464, -8.583302, 16.540092)

[node name="ventilationtube10" parent="Env/ventilation/3/horizantal2" unique_id=1937889837 instance=ExtResource("14_jbj1t")]
transform = Transform3D(-4.371139e-08, 1, -2.0438185e-15, 0.0063179433, 2.761702e-10, 0.99998003, 0.99998003, 4.3710514e-08, -0.0063179433, -55.149464, -8.559368, 20.328365)

[node name="ventilationtube11" parent="Env/ventilation/3/horizantal2" unique_id=434360444 instance=ExtResource("14_jbj1t")]
transform = Transform3D(-4.371139e-08, 1, -2.0438185e-15, 0.0063179433, 2.761702e-10, 0.99998003, 0.99998003, 4.3710514e-08, -0.0063179433, -55.149464, -8.631172, -6.494953)

[node name="ventilationtube12" parent="Env/ventilation/3/horizantal2" unique_id=1370005861 instance=ExtResource("14_jbj1t")]
transform = Transform3D(-4.371139e-08, 1, -2.0438185e-15, 0.0063179433, 2.761702e-10, 0.99998003, 0.99998003, 4.3710514e-08, -0.0063179433, -55.149464, -8.606478, -2.5864143)

[node name="ventilationtube13" parent="Env/ventilation/3/horizantal2" unique_id=2004358409 instance=ExtResource("14_jbj1t")]
transform = Transform3D(-4.371139e-08, 1, -2.0438185e-15, 0.0063179433, 2.761702e-10, 0.99998003, 0.99998003, 4.3710514e-08, -0.0063179433, -55.149464, -8.583302, 1.0815926)

